time frame,fish count,bear count
0,10,10
1,10,10
2,10,10
3,10,10
4,10,10
5,10,10
6,10,10
7,10,10
8,9,10
9,9,10
10,9,10
11,9,10
12,9,10
13,9,10
14,9,10
15,9,10
16,9,10
17,9,10
18,9,10
19,9,10
20,9,10
21,9,10
22,9,10
23,9,10
24,9,10
25,9,10
26,9,10
27,9,10
28,9,10
29,9,10
30,9,10
31,9,10
32,9,10
33,9,10
34,9,10
35,9,10
36,9,10
37,9,10
38,9,10
39,9,10
40,9,10
41,9,10
42,9,10
43,9,10
44,9,10
45,9,10
46,9,10
47,9,10
48,9,10
49,9,10
50,9,10
51,9,10
52,9,10
53,9,10
54,9,10
55,9,10
56,9,10
57,9,10
58,9,10
59,9,10
60,9,10
61,9,10
62,9,10
63,9,10
64,9,10
65,9,10
66,9,10
67,9,10
68,9,10
69,9,10
70,9,10
71,9,9
72,9,9
73,9,9
74,9,9
75,9,9
76,9,9
77,9,9
78,9,9
79,9,9
80,9,9
81,9,9
82,9,9
83,9,9
84,9,10
85,9,9
86,9,9
87,9,9
88,9,9
89,9,9
90,9,9
91,9,9
92,9,9
93,9,9
94,9,9
95,9,9
96,9,9
97,9,9
98,9,9
99,9,9
100,9,9
101,9,10
102,9,10
103,9,10
104,9,10
105,9,10
106,9,10
107,9,10
108,9,10
109,9,9
110,9,9
111,9,9
112,9,9
113,9,9
114,9,9
115,9,9
116,9,9
117,9,9
118,9,9
119,9,9
120,9,9
121,9,9
122,9,9
123,9,9
124,9,9
125,9,9
126,9,9
127,9,9
128,9,9
129,9,9
130,9,9
131,9,9
132,9,9
133,9,9
134,9,9
135,9,9
136,9,9
137,9,9
138,9,9
139,9,9
140,9,8
141,9,8
142,9,8
143,9,8
144,9,8
145,9,8
146,9,8
147,9,8
148,9,7
149,9,7
150,9,7
151,9,7
152,9,7
153,9,7
154,9,7
155,9,7
156,9,7
157,9,7
158,9,7
159,9,8
160,9,8
161,9,8
162,9,8
163,9,8
164,9,9
165,9,10
166,9,10
167,9,10
168,9,10
169,9,10
170,10,10
171,10,10
172,10,9
173,10,9
174,10,9
175,10,8
176,10,8
177,10,8
178,10,8
179,11,8
180,11,7
181,11,7
182,11,6
183,11,6
184,11,6
185,11,6
186,11,6
187,11,6
188,11,5
189,11,5
190,11,5
191,11,5
192,11,5
193,11,5
194,12,5
195,12,4
196,12,4
197,12,4
198,12,4
199,12,4
200,12,4
201,12,4
202,12,3
203,12,3
204,12,3
205,12,3
206,12,3
207,12,3
208,12,3
209,12,3
210,12,3
211,12,3
212,12,3
213,12,3
214,12,3
215,12,3
216,12,3
217,13,3
218,13,3
219,13,3
220,13,3
221,13,3
222,14,3
223,14,3
224,14,3
225,14,3
226,14,3
227,14,3
228,14,3
229,14,3
230,14,2
231,14,2
232,14,2
233,14,2
234,14,2
235,14,2
236,14,2
237,14,2
238,14,2
239,14,2
240,14,2
241,14,2
242,14,2
243,14,2
244,14,2
245,14,2
246,14,2
247,15,2
248,15,2
249,15,2
250,15,2
251,15,2
252,15,2
253,15,2
254,15,2
255,15,2
256,15,2
257,15,2
258,15,2
259,15,2
260,15,2
261,15,2
262,15,2
263,16,2
264,16,2
265,16,2
266,16,2
267,16,2
268,16,2
269,16,2
270,16,2
271,16,2
272,16,2
273,16,2
274,16,2
275,16,2
276,16,2
277,16,2
278,17,2
279,17,2
280,17,2
281,17,2
282,17,2
283,18,2
284,18,2
285,18,2
286,18,2
287,18,2
288,18,2
289,18,2
290,18,2
291,18,2
292,18,2
293,18,2
294,18,2
295,18,2
296,18,2
297,18,2
298,18,2
299,18,2
300,18,1
301,18,1
302,18,1
303,18,1
304,18,1
305,18,1
306,18,1
307,18,1
308,18,1
309,18,1
310,18,1
311,18,1
312,18,1
313,18,1
314,18,1
315,18,1
316,18,1
317,18,1
318,18,1
319,18,0
320,18,0
321,18,0
322,18,0
323,18,0
324,18,0
325,18,0
326,18,0
327,18,0
328,18,0
329,18,0
330,18,0
331,17,0
332,17,0
333,17,0
334,17,0
335,17,0
336,17,0
337,17,0
338,17,0
339,17,0
340,17,0
341,17,0
342,17,0
343,17,0
344,17,0
345,17,0
346,17,0
347,17,0
348,17,0
349,17,0
350,17,0
351,17,0
352,17,0
353,16,0
354,16,0
355,16,0
356,16,0
357,16,0
358,16,0
359,16,0
360,16,0
361,16,0
362,16,0
363,16,0
364,16,0
365,16,0
366,16,0
367,16,0
368,16,0
369,17,0
370,17,0
371,17,0
372,17,0
373,17,0
374,17,0
375,17,0
376,17,0
377,17,0
378,17,0
379,17,0
380,18,0
381,18,0
382,18,0
383,18,0
384,18,0
385,18,0
386,18,0
387,18,0
388,18,0
389,18,0
390,18,0
391,18,0
392,18,0
393,18,0
394,18,0
395,18,0
396,19,0
397,18,0
398,18,0
399,18,0
400,18,0
401,18,0
402,17,0
403,17,0
404,17,0
405,17,0
406,17,0
407,17,0
408,17,0
409,17,0
410,17,0
411,18,0
412,18,0
413,18,0
414,18,0
415,18,0
416,18,0
417,18,0
418,18,0
419,19,0
420,20,0
421,19,0
422,19,0
423,19,0
424,20,0
425,20,0
426,20,0
427,20,0
428,20,0
429,19,0
430,19,0
431,19,0
432,19,0
433,19,0
434,19,0
435,19,0
436,19,0
437,19,0
438,20,0
439,20,0
440,20,0
441,20,0
442,21,0
443,21,0
444,21,0
445,21,0
446,21,0
447,21,0
448,21,0
449,21,0
450,21,0
451,21,0
452,20,0
453,20,0
454,20,0
455,20,0
456,20,0
457,20,0
458,20,0
459,20,0
460,20,0
461,20,0
462,20,0
463,20,0
464,20,0
465,20,0
466,20,0
467,21,0
468,21,0
469,21,0
470,21,0
471,22,0
472,22,0
473,22,0
474,22,0
475,22,0
476,22,0
477,22,0
478,22,0
479,22,0
480,22,0
481,22,0
482,22,0
483,22,0
484,22,0
485,22,0
486,22,0
487,22,0
488,22,0
489,22,0
490,22,0
491,22,0
492,22,0
493,22,0
494,22,0
495,22,0
496,22,0
497,22,0
498,22,0
499,22,0
500,22,0
501,22,0
502,22,0
503,22,0
504,22,0
505,22,0
506,22,0
507,22,0
508,22,0
509,22,0
510,22,0
511,22,0
512,22,0
513,23,0
514,22,0
515,22,0
516,22,0
517,22,0
518,22,0
519,22,0
520,22,0
521,22,0
522,23,0
523,23,0
524,23,0
525,23,0
526,23,0
527,23,0
528,23,0
529,23,0
530,23,0
531,23,0
532,23,0
533,23,0
534,23,0
535,23,0
536,23,0
537,23,0
538,23,0
539,23,0
540,23,0
541,23,0
542,23,0
543,23,0
544,23,0
545,23,0
546,23,0
547,23,0
548,24,0
549,24,0
550,24,0
551,24,0
552,24,0
553,24,0
554,24,0
555,24,0
556,24,0
557,24,0
558,24,0
559,24,0
560,24,0
561,24,0
562,24,0
563,24,0
564,23,0
565,23,0
566,23,0
567,23,0
568,23,0
569,23,0
570,23,0
571,23,0
572,23,0
573,23,0
574,23,0
575,23,0
576,23,0
577,23,0
578,23,0
579,23,0
580,22,0
581,22,0
582,22,0
583,22,0
584,22,0
585,22,0
586,22,0
587,22,0
588,22,0
589,22,0
590,22,0
591,22,0
592,22,0
593,23,0
594,23,0
595,23,0
596,23,0
597,23,0
598,24,0
599,24,0
600,24,0
601,24,0
602,25,0
603,25,0
604,25,0
605,25,0
606,25,0
607,25,0
608,25,0
609,25,0
610,26,0
611,26,0
612,26,0
613,26,0
614,27,0
615,27,0
616,27,0
617,27,0
618,27,0
619,27,0
620,27,0
621,27,0
622,27,0
623,27,0
624,27,0
625,26,0
626,26,0
627,26,0
628,26,0
629,26,0
630,26,0
631,26,0
632,26,0
633,26,0
634,26,0
635,26,0
636,26,0
637,27,0
638,27,0
639,27,0
640,27,0
641,27,0
642,27,0
643,27,0
644,27,0
645,27,0
646,27,0
647,27,0
648,27,0
649,28,0
650,28,0
651,28,0
652,28,0
653,28,0
654,28,0
655,28,0
656,28,0
657,28,0
658,28,0
659,28,0
660,28,0
661,28,0
662,27,0
663,27,0
664,27,0
665,27,0
666,27,0
667,27,0
668,28,0
669,28,0
670,28,0
671,27,0
672,27,0
673,27,0
674,27,0
675,27,0
676,27,0
677,27,0
678,27,0
679,27,0
680,27,0
681,27,0
682,26,0
683,26,0
684,26,0
685,26,0
686,26,0
687,27,0
688,27,0
689,27,0
690,27,0
691,27,0
692,27,0
693,27,0
694,27,0
695,27,0
696,27,0
697,27,0
698,27,0
699,27,0
700,27,0
701,28,0
702,28,0
703,28,0
704,28,0
705,28,0
706,28,0
707,28,0
708,28,0
709,28,0
710,28,0
711,28,0
712,28,0
713,28,0
714,28,0
715,29,0
716,29,0
717,30,0
718,30,0
719,30,0
720,30,0
721,30,0
722,30,0
723,30,0
724,30,0
725,30,0
726,30,0
727,30,0
728,30,0
729,30,0
730,30,0
731,30,0
732,30,0
733,29,0
734,29,0
735,29,0
736,29,0
737,29,0
738,29,0
739,28,0
740,28,0
741,28,0
742,28,0
743,28,0
744,28,0
745,27,0
746,27,0
747,27,0
748,27,0
749,27,0
750,27,0
751,27,0
752,28,0
753,28,0
754,28,0
755,28,0
756,28,0
757,28,0
758,28,0
759,28,0
760,28,0
761,28,0
762,28,0
763,28,0
764,28,0
765,28,0
766,28,0
767,28,0
768,28,0
769,28,0
770,28,0
771,28,0
772,28,0
773,28,0
774,28,0
775,28,0
776,28,0
777,28,0
778,28,0
779,28,0
780,28,0
781,28,0
782,28,0
783,28,0
784,28,0
785,28,0
786,28,0
787,28,0
788,29,0
789,29,0
790,29,0
791,29,0
792,29,0
793,29,0
794,29,0
795,29,0
796,29,0
797,29,0
798,29,0
799,29,0
800,29,0
801,29,0
802,30,0
803,30,0
804,30,0
805,30,0
806,30,0
807,30,0
808,30,0
809,30,0
810,30,0
811,30,0
812,30,0
813,30,0
814,30,0
815,30,0
816,30,0
817,31,0
818,31,0
819,31,0
820,31,0
821,31,0
822,31,0
823,31,0
824,31,0
825,31,0
826,31,0
827,31,0
828,31,0
829,31,0
830,31,0
831,31,0
832,31,0
833,31,0
834,31,0
835,31,0
836,31,0
837,32,0
838,32,0
839,33,0
840,33,0
841,33,0
842,33,0
843,33,0
844,33,0
845,33,0
846,32,0
847,32,0
848,32,0
849,32,0
850,32,0
851,32,0
852,32,0
853,32,0
854,32,0
855,33,0
856,33,0
857,34,0
858,34,0
859,34,0
860,34,0
861,34,0
862,34,0
863,34,0
864,34,0
865,33,0
866,33,0
867,33,0
868,33,0
869,33,0
870,34,0
871,34,0
872,34,0
873,34,0
874,34,0
875,34,0
876,34,0
877,34,0
878,34,0
879,33,0
880,33,0
881,33,0
882,33,0
883,33,0
884,33,0
885,33,0
886,33,0
887,33,0
888,33,0
889,34,0
890,34,0
891,34,0
892,34,0
893,34,0
894,34,0
895,34,0
896,34,0
897,34,0
898,34,0
899,34,0
900,34,0
901,34,0
902,34,0
903,34,0
904,34,0
905,34,0
906,34,0
907,34,0
908,34,0
909,34,0
910,34,0
911,34,0
912,35,0
913,35,0
914,34,0
915,34,0
916,34,0
917,34,0
918,34,0
919,34,0
920,34,0
921,34,0
922,34,0
923,34,0
924,34,0
925,34,0
926,33,0
927,33,0
928,33,0
929,33,0
930,33,0
931,33,0
932,33,0
933,33,0
934,33,0
935,33,0
936,33,0
937,33,0
938,33,0
939,33,0
940,33,0
941,34,0
942,34,0
943,34,0
944,33,0
945,33,0
946,33,0
947,33,0
948,33,0
949,33,0
950,33,0
951,33,0
952,33,0
953,33,0
954,33,0
955,33,0
956,33,0
957,33,0
958,33,0
959,33,0
960,33,0
961,33,0
962,33,0
963,33,0
964,33,0
965,33,0
966,33,0
967,33,0
968,33,0
969,33,0
970,33,0
971,33,0
972,33,0
973,33,0
974,33,0
975,33,0
976,33,0
977,33,0
978,33,0
979,33,0
980,32,0
981,32,0
982,32,0
983,32,0
984,32,0
985,32,0
986,32,0
987,32,0
988,33,0
989,33,0
990,33,0
991,33,0
992,32,0
993,32,0
994,32,0
995,32,0
996,33,0
997,33,0
998,33,0
999,33,0
1000,33,0
