time frame,fish count,bear count
0,10,10
1,10,10
2,10,10
3,10,10
4,10,10
5,10,10
6,10,10
7,10,10
8,10,10
9,10,10
10,10,10
11,10,10
12,10,10
13,10,10
14,10,10
15,10,10
16,10,10
17,10,10
18,10,10
19,10,10
20,10,10
21,10,10
22,10,10
23,10,10
24,10,10
25,10,10
26,10,10
27,10,10
28,10,10
29,10,10
30,10,10
31,10,10
32,10,10
33,10,10
34,10,10
35,10,10
36,10,10
37,10,10
38,10,10
39,10,10
40,10,10
41,10,10
42,9,10
43,9,10
44,9,10
45,9,10
46,9,10
47,9,10
48,9,10
49,9,10
50,9,10
51,9,10
52,9,10
53,9,10
54,9,10
55,9,10
56,9,10
57,9,10
58,9,10
59,9,10
60,9,10
61,9,10
62,9,10
63,9,10
64,9,10
65,9,10
66,9,10
67,9,10
68,9,10
69,9,10
70,9,10
71,9,10
72,9,10
73,9,10
74,9,10
75,9,10
76,9,10
77,9,10
78,9,10
79,9,10
80,9,10
81,8,10
82,8,10
83,8,10
84,8,10
85,8,10
86,8,10
87,8,10
88,8,10
89,8,10
90,8,10
91,8,10
92,8,10
93,8,10
94,8,10
95,8,10
96,8,10
97,8,10
98,8,10
99,8,10
100,8,10
101,8,10
102,8,9
103,8,9
104,8,9
105,8,9
106,8,9
107,8,9
108,8,9
109,8,9
110,8,9
111,8,9
112,8,9
113,8,9
114,8,9
115,8,9
116,8,8
117,8,7
118,8,7
119,8,7
120,8,7
121,8,7
122,8,7
123,8,7
124,8,8
125,8,8
126,8,8
127,8,8
128,8,8
129,8,8
130,8,8
131,8,8
132,8,9
133,8,9
134,8,9
135,8,9
136,8,9
137,8,8
138,8,8
139,8,8
140,8,8
141,8,8
142,8,8
143,8,8
144,8,8
145,8,8
146,8,8
147,8,8
148,8,7
149,8,7
150,8,7
151,8,7
152,8,7
153,8,7
154,8,7
155,8,7
156,8,7
157,8,7
158,8,7
159,8,7
160,8,7
161,8,7
162,8,7
163,8,7
164,8,7
165,8,7
166,8,7
167,8,7
168,8,7
169,8,7
170,8,7
171,8,7
172,8,7
173,8,7
174,8,7
175,8,7
176,8,7
177,8,7
178,9,7
179,9,7
180,9,7
181,9,7
182,9,7
183,9,7
184,9,7
185,10,7
186,10,7
187,10,7
188,10,7
189,10,7
190,10,7
191,10,7
192,10,7
193,10,8
194,10,7
195,10,7
196,10,7
197,10,7
198,10,7
199,10,7
200,10,7
201,10,7
202,10,7
203,10,7
204,10,7
205,10,7
206,10,7
207,10,7
208,10,7
209,10,7
210,10,7
211,10,7
212,10,7
213,10,6
214,10,5
215,10,5
216,10,5
217,10,5
218,10,5
219,10,5
220,10,5
221,10,5
222,11,5
223,11,5
224,11,5
225,11,5
226,12,5
227,12,5
228,13,5
229,14,5
230,14,5
231,14,5
232,14,5
233,14,5
234,15,5
235,15,5
236,14,5
237,14,5
238,14,4
239,14,4
240,14,4
241,14,4
242,14,4
243,14,4
244,14,4
245,14,4
246,14,4
247,13,4
248,13,4
249,13,4
250,13,4
251,13,4
252,13,4
253,13,4
254,13,4
255,13,4
256,13,4
257,13,4
258,13,4
259,13,4
260,13,4
261,13,4
262,13,4
263,13,3
264,13,3
265,13,4
266,13,4
267,13,4
268,13,4
269,13,4
270,13,4
271,12,4
272,12,4
273,12,4
274,12,4
275,12,4
276,12,4
277,12,4
278,12,4
279,12,4
280,12,4
281,12,4
282,12,4
283,12,4
284,12,5
285,12,5
286,12,5
287,12,5
288,12,5
289,12,5
290,12,5
291,12,5
292,13,5
293,13,5
294,13,5
295,13,5
296,13,5
297,13,5
298,13,5
299,13,5
300,13,5
301,13,5
302,13,5
303,13,5
304,13,5
305,13,5
306,13,5
307,13,5
308,13,5
309,13,5
310,13,5
311,13,5
312,13,5
313,13,5
314,13,5
315,13,4
316,13,4
317,13,4
318,13,4
319,13,4
320,13,4
321,13,4
322,13,4
323,13,4
324,13,3
325,13,3
326,13,3
327,13,3
328,13,3
329,13,3
330,13,3
331,14,3
332,14,3
333,14,3
334,14,3
335,14,3
336,14,3
337,14,3
338,15,3
339,15,3
340,15,3
341,15,3
342,15,3
343,15,3
344,15,3
345,15,3
346,15,3
347,15,3
348,15,3
349,15,3
350,15,3
351,16,3
352,16,3
353,16,3
354,16,3
355,16,3
356,16,3
357,16,3
358,16,3
359,16,3
360,16,3
361,16,3
362,16,3
363,16,3
364,16,3
365,16,3
366,16,3
367,16,3
368,16,3
369,16,3
370,16,2
371,16,2
372,16,2
373,16,2
374,16,2
375,16,2
376,16,2
377,16,2
378,16,2
379,16,2
380,16,2
381,16,2
382,16,2
383,16,2
384,16,2
385,16,2
386,16,2
387,16,2
388,16,2
389,16,2
390,17,2
391,17,2
392,17,2
393,16,2
394,16,2
395,16,2
396,16,2
397,16,2
398,16,2
399,16,2
400,16,2
401,17,2
402,17,2
403,17,2
404,17,2
405,17,2
406,16,2
407,16,2
408,16,2
409,16,2
410,16,2
411,16,2
412,16,2
413,16,2
414,16,2
415,16,2
416,16,2
417,16,2
418,16,2
419,16,1
420,16,1
421,16,1
422,16,1
423,16,1
424,16,1
425,16,1
426,16,1
427,16,1
428,16,1
429,16,1
430,16,2
431,16,2
432,16,2
433,16,2
434,16,2
435,16,2
436,16,1
437,16,1
438,16,1
439,16,1
440,16,1
441,16,1
442,16,1
443,16,1
444,16,1
445,16,1
446,16,1
447,16,1
448,16,1
449,16,1
450,16,1
451,16,1
452,16,1
453,16,1
454,16,1
455,16,1
456,16,1
457,16,1
458,16,1
459,16,1
460,17,1
461,17,1
462,18,1
463,18,1
464,18,1
465,18,1
466,18,1
467,18,1
468,19,1
469,19,1
470,19,1
471,20,1
472,20,1
473,20,1
474,20,1
475,20,1
476,20,1
477,20,1
478,20,1
479,21,1
480,21,1
481,21,1
482,21,1
483,21,1
484,21,1
485,21,1
486,22,1
487,21,1
488,21,1
489,21,1
490,21,1
491,21,1
492,22,1
493,22,1
494,22,1
495,22,1
496,22,1
497,22,1
498,22,1
499,22,1
500,22,1
501,22,1
502,22,1
503,22,1
504,22,1
505,22,1
506,22,1
507,22,1
508,22,1
509,22,1
510,22,1
511,22,1
512,22,1
513,22,1
514,22,1
515,23,1
516,23,1
517,23,1
518,23,1
519,23,1
520,23,1
521,23,1
522,23,1
523,23,1
524,23,1
525,23,1
526,24,1
527,24,1
528,24,1
529,24,1
530,24,1
531,24,1
532,24,1
533,24,1
534,24,1
535,24,1
536,24,1
537,24,1
538,24,1
539,24,1
540,24,1
541,24,1
542,24,1
543,24,1
544,24,1
545,24,1
546,24,1
547,24,1
548,24,1
549,24,1
550,24,1
551,24,1
552,24,1
553,24,1
554,24,1
555,24,1
556,24,1
557,24,1
558,24,1
559,24,1
560,25,1
561,25,1
562,25,1
563,25,1
564,25,1
565,25,1
566,25,1
567,25,1
568,25,1
569,25,1
570,25,1
571,25,1
572,25,1
573,25,1
574,25,1
575,25,1
576,25,1
577,25,1
578,25,1
579,25,1
580,25,1
581,25,1
582,25,1
583,25,1
584,25,1
585,25,1
586,25,1
587,25,1
588,25,1
589,25,1
590,25,1
591,25,1
592,25,1
593,25,1
594,25,1
595,25,1
596,25,1
597,25,1
598,25,1
599,25,1
600,25,1
601,26,1
602,26,1
603,26,1
604,27,1
605,27,1
606,27,1
607,27,1
608,27,1
609,27,1
610,27,1
611,27,1
612,27,1
613,27,1
614,27,1
615,27,1
616,27,1
617,27,1
618,27,1
619,27,1
620,27,1
621,27,1
622,27,1
623,27,1
624,27,1
625,27,1
626,27,1
627,27,1
628,27,1
629,27,1
630,27,1
631,27,1
632,27,1
633,27,1
634,28,1
635,28,1
636,28,1
637,28,1
638,28,1
639,28,1
640,28,1
641,28,1
642,28,1
643,28,1
644,28,1
645,28,1
646,28,1
647,28,1
648,28,1
649,28,1
650,28,1
651,28,1
652,28,1
653,28,1
654,28,1
655,28,1
656,28,1
657,28,1
658,27,1
659,27,1
660,27,1
661,27,1
662,27,1
663,27,1
664,27,1
665,27,1
666,27,1
667,27,1
668,27,1
669,27,1
670,27,1
671,27,1
672,27,1
673,27,1
674,27,1
675,27,1
676,28,1
677,28,1
678,28,1
679,28,1
680,28,1
681,28,1
682,28,1
683,28,1
684,28,1
685,28,1
686,27,1
687,26,1
688,27,1
689,27,1
690,27,1
691,28,1
692,28,1
693,28,1
694,28,1
695,28,1
696,28,1
697,28,1
698,28,1
699,28,1
700,29,1
701,29,1
702,29,1
703,29,1
704,29,1
705,29,1
706,29,1
707,29,1
708,29,1
709,29,1
710,30,1
711,30,1
712,30,1
713,30,1
714,30,1
715,30,1
716,30,1
717,30,1
718,30,1
719,30,1
720,30,1
721,30,1
722,30,1
723,30,1
724,30,1
725,30,1
726,30,1
727,31,1
728,31,1
729,31,1
730,31,1
731,31,1
732,31,1
733,32,1
734,32,1
735,33,1
736,33,1
737,33,1
738,33,1
739,33,1
740,33,1
741,33,1
742,33,1
743,33,1
744,33,1
745,33,1
746,33,1
747,33,1
748,33,1
749,33,1
750,33,1
751,33,1
752,33,1
753,33,1
754,33,1
755,33,1
756,34,1
757,34,1
758,34,1
759,34,1
760,34,1
761,34,1
762,34,1
763,34,1
764,34,1
765,34,1
766,34,1
767,34,1
768,34,1
769,34,1
770,34,1
771,34,1
772,34,1
773,34,1
774,34,1
775,34,1
776,34,1
777,35,1
778,34,1
779,34,1
780,34,1
781,33,1
782,33,1
783,33,1
784,33,1
785,33,1
786,33,1
787,33,1
788,33,1
789,33,1
790,33,1
791,33,1
792,34,1
793,34,1
794,34,1
795,34,1
796,33,1
797,33,1
798,33,1
799,33,1
800,33,1
801,33,1
802,33,1
803,33,1
804,33,1
805,32,1
806,32,1
807,32,0
808,33,0
809,33,0
810,33,0
811,33,0
812,33,0
813,33,0
814,33,0
815,33,0
816,33,0
817,33,0
818,33,0
819,33,0
820,33,0
821,33,0
822,33,0
823,33,0
824,33,0
825,34,0
826,34,0
827,34,0
828,34,0
829,34,0
830,34,0
831,34,0
832,34,0
833,34,0
834,34,0
835,34,0
836,34,0
837,34,0
838,34,0
839,34,0
840,33,0
841,33,0
842,33,0
843,33,0
844,33,0
845,33,0
846,34,0
847,34,0
848,34,0
849,34,0
850,34,0
851,34,0
852,34,0
853,34,0
854,34,0
855,34,0
856,34,0
857,34,0
858,34,0
859,33,0
860,33,0
861,33,0
862,33,0
863,33,0
864,33,0
865,33,0
866,33,0
867,33,0
868,33,0
869,33,0
870,33,0
871,33,0
872,33,0
873,33,0
874,33,0
875,33,0
876,33,0
877,33,0
878,33,0
879,33,0
880,33,0
881,33,0
882,33,0
883,33,0
884,33,0
885,33,0
886,33,0
887,33,0
888,33,0
889,33,0
890,33,0
891,33,0
892,34,0
893,34,0
894,34,0
895,34,0
896,34,0
897,34,0
898,34,0
899,34,0
900,33,0
901,33,0
902,33,0
903,33,0
904,33,0
905,33,0
906,33,0
907,33,0
908,33,0
909,33,0
910,33,0
911,33,0
912,33,0
913,33,0
914,33,0
915,33,0
916,33,0
917,34,0
918,34,0
919,34,0
920,34,0
921,34,0
922,34,0
923,34,0
924,34,0
925,34,0
926,34,0
927,35,0
928,35,0
929,35,0
930,35,0
931,36,0
932,36,0
933,36,0
934,36,0
935,36,0
936,36,0
937,36,0
938,36,0
939,36,0
940,36,0
941,36,0
942,36,0
943,37,0
944,37,0
945,37,0
946,37,0
947,37,0
948,37,0
949,37,0
950,37,0
951,37,0
952,37,0
953,37,0
954,37,0
955,37,0
956,38,0
957,38,0
958,38,0
959,38,0
960,38,0
961,38,0
962,38,0
963,38,0
964,38,0
965,38,0
966,37,0
967,37,0
968,37,0
969,37,0
970,37,0
971,37,0
972,37,0
973,38,0
974,38,0
975,38,0
976,38,0
977,38,0
978,38,0
979,38,0
980,38,0
981,38,0
982,38,0
983,37,0
984,37,0
985,37,0
986,37,0
987,37,0
988,37,0
989,37,0
990,37,0
991,37,0
992,37,0
993,37,0
994,37,0
995,37,0
996,37,0
997,37,0
998,37,0
999,37,0
1000,37,0
