time frame,fish count,bear count
0,10,10
1,10,10
2,10,10
3,9,10
4,9,10
5,8,10
6,8,10
7,8,10
8,8,10
9,8,10
10,8,10
11,8,10
12,8,10
13,8,10
14,8,10
15,8,10
16,8,10
17,8,10
18,8,10
19,8,10
20,8,10
21,8,10
22,8,10
23,8,10
24,8,10
25,8,10
26,8,10
27,8,10
28,8,10
29,8,10
30,8,10
31,8,10
32,8,10
33,8,10
34,8,10
35,8,10
36,8,10
37,8,10
38,8,10
39,8,10
40,8,10
41,8,10
42,8,10
43,8,10
44,8,10
45,8,10
46,8,10
47,8,10
48,8,10
49,8,10
50,8,10
51,8,10
52,8,10
53,8,10
54,8,10
55,8,10
56,8,10
57,8,10
58,8,10
59,8,10
60,8,10
61,8,10
62,8,10
63,8,10
64,8,10
65,8,10
66,8,11
67,8,11
68,8,11
69,8,11
70,8,11
71,8,11
72,8,11
73,8,11
74,8,11
75,8,11
76,8,11
77,8,11
78,8,11
79,8,11
80,8,11
81,8,11
82,8,11
83,8,11
84,8,12
85,8,12
86,8,12
87,8,12
88,8,12
89,8,11
90,8,11
91,8,11
92,8,11
93,8,11
94,8,11
95,8,11
96,8,11
97,8,11
98,8,11
99,8,11
100,8,11
101,8,11
102,8,11
103,8,11
104,8,11
105,8,11
106,8,11
107,8,11
108,8,10
109,8,10
110,8,10
111,8,10
112,8,10
113,8,10
114,8,10
115,8,9
116,8,9
117,8,9
118,8,9
119,8,9
120,8,9
121,8,9
122,8,9
123,8,9
124,8,9
125,8,9
126,8,9
127,8,9
128,8,9
129,8,9
130,8,9
131,9,9
132,9,9
133,9,10
134,9,10
135,9,10
136,9,10
137,9,10
138,9,10
139,9,10
140,9,10
141,9,9
142,9,9
143,9,9
144,9,9
145,9,9
146,9,9
147,9,9
148,9,9
149,9,9
150,9,9
151,9,9
152,9,9
153,9,9
154,9,9
155,8,9
156,8,9
157,8,9
158,8,9
159,8,9
160,8,9
161,8,9
162,8,9
163,8,9
164,8,8
165,8,8
166,8,8
167,8,8
168,8,8
169,8,8
170,8,8
171,8,8
172,8,8
173,8,8
174,9,8
175,9,8
176,9,8
177,9,8
178,9,8
179,9,8
180,9,8
181,9,8
182,9,8
183,9,9
184,9,9
185,9,9
186,9,9
187,9,9
188,9,9
189,9,9
190,9,9
191,9,9
192,9,9
193,9,9
194,10,9
195,10,9
196,10,9
197,10,9
198,10,9
199,10,9
200,10,9
201,11,9
202,11,9
203,11,9
204,11,9
205,11,9
206,11,9
207,11,9
208,11,9
209,11,9
210,11,9
211,11,8
212,11,8
213,11,8
214,11,8
215,11,8
216,11,8
217,11,8
218,11,8
219,11,8
220,11,8
221,11,8
222,11,8
223,11,8
224,11,8
225,11,8
226,11,8
227,11,8
228,11,8
229,11,8
230,11,8
231,11,8
232,11,8
233,11,8
234,12,8
235,12,8
236,12,8
237,12,8
238,12,8
239,13,8
240,13,8
241,13,8
242,13,8
243,13,8
244,13,8
245,13,8
246,13,8
247,13,8
248,13,8
249,13,8
250,13,8
251,12,8
252,12,8
253,12,8
254,12,8
255,12,8
256,12,8
257,12,8
258,12,8
259,12,8
260,12,8
261,12,8
262,12,8
263,12,8
264,12,8
265,12,8
266,12,8
267,12,8
268,12,8
269,12,8
270,12,8
271,12,8
272,12,8
273,12,8
274,12,8
275,12,8
276,12,9
277,12,9
278,12,9
279,12,9
280,12,9
281,12,9
282,12,9
283,11,9
284,11,8
285,11,8
286,11,9
287,11,9
288,11,9
289,11,9
290,11,9
291,11,9
292,11,9
293,11,9
294,11,9
295,11,9
296,11,9
297,11,9
298,11,9
299,11,8
300,11,8
301,11,8
302,11,8
303,11,8
304,11,8
305,11,8
306,11,8
307,11,8
308,11,8
309,11,8
310,11,7
311,11,7
312,11,7
313,11,7
314,11,7
315,11,7
316,11,7
317,11,7
318,11,7
319,11,7
320,11,7
321,11,7
322,11,7
323,11,7
324,11,7
325,11,7
326,12,7
327,13,7
328,13,7
329,13,7
330,13,7
331,13,7
332,13,7
333,13,7
334,13,7
335,13,7
336,13,7
337,13,7
338,13,7
339,13,7
340,13,7
341,13,7
342,13,7
343,13,7
344,13,7
345,13,7
346,13,7
347,13,7
348,13,7
349,13,7
350,14,7
351,14,7
352,14,7
353,14,7
354,14,7
355,13,7
356,13,7
357,13,7
358,13,7
359,13,7
360,13,7
361,14,7
362,14,7
363,14,7
364,14,7
365,14,7
366,13,7
367,13,7
368,14,7
369,14,7
370,14,7
371,14,7
372,14,7
373,14,7
374,14,7
375,14,7
376,14,7
377,14,7
378,15,7
379,15,7
380,15,7
381,15,7
382,15,7
383,15,7
384,15,7
385,15,7
386,15,7
387,15,7
388,15,7
389,15,7
390,15,7
391,15,7
392,15,7
393,15,7
394,15,7
395,15,7
396,15,7
397,15,7
398,15,7
399,15,7
400,15,7
401,15,7
402,15,7
403,15,7
404,14,7
405,14,7
406,15,7
407,15,7
408,14,7
409,14,7
410,14,6
411,14,6
412,14,6
413,14,6
414,14,6
415,14,6
416,14,6
417,14,6
418,14,7
419,14,7
420,14,6
421,14,6
422,14,6
423,14,6
424,14,6
425,14,6
426,14,6
427,14,6
428,14,6
429,14,6
430,14,6
431,15,6
432,15,6
433,15,6
434,15,6
435,15,6
436,15,6
437,15,6
438,15,6
439,15,6
440,15,6
441,15,6
442,15,6
443,15,5
444,15,5
445,15,5
446,15,5
447,15,5
448,15,5
449,15,5
450,15,5
451,15,5
452,15,5
453,15,5
454,15,5
455,15,5
456,15,5
457,15,5
458,15,5
459,15,5
460,15,5
461,15,5
462,15,5
463,15,5
464,15,5
465,15,5
466,15,5
467,15,5
468,15,5
469,15,5
470,15,4
471,15,4
472,15,4
473,15,4
474,15,4
475,15,4
476,15,4
477,15,4
478,15,5
479,15,5
480,15,5
481,15,5
482,15,5
483,15,4
484,15,4
485,15,4
486,15,4
487,15,4
488,15,4
489,15,4
490,15,4
491,15,4
492,15,4
493,15,4
494,15,4
495,15,4
496,15,4
497,15,4
498,15,4
499,15,4
500,15,4
501,15,4
502,15,4
503,15,4
504,15,4
505,15,4
506,15,4
507,16,4
508,16,4
509,16,4
510,16,4
511,16,4
512,16,4
513,16,4
514,16,4
515,16,4
516,16,4
517,16,4
518,16,4
519,16,4
520,16,4
521,16,4
522,16,4
523,16,4
524,16,4
525,16,4
526,16,4
527,16,4
528,17,4
529,17,4
530,17,4
531,17,4
532,18,4
533,18,4
534,18,4
535,19,4
536,19,4
537,19,4
538,19,4
539,19,4
540,19,4
541,19,4
542,19,4
543,19,4
544,19,4
545,20,4
546,20,4
547,20,4
548,20,4
549,19,4
550,19,4
551,19,4
552,19,4
553,19,4
554,19,4
555,19,4
556,19,4
557,19,4
558,19,4
559,19,4
560,19,4
561,19,4
562,19,4
563,19,4
564,19,4
565,19,4
566,19,4
567,19,4
568,19,4
569,19,4
570,19,4
571,19,4
572,19,4
573,19,4
574,19,4
575,19,4
576,19,4
577,19,4
578,19,4
579,19,4
580,19,4
581,19,4
582,19,4
583,20,4
584,20,4
585,20,4
586,20,4
587,20,4
588,20,4
589,20,4
590,20,4
591,20,4
592,20,4
593,20,4
594,20,5
595,20,5
596,20,5
597,20,5
598,20,4
599,20,4
600,20,4
601,20,4
602,20,4
603,20,4
604,20,4
605,20,4
606,20,4
607,20,4
608,20,4
609,20,4
610,20,4
611,20,4
612,20,4
613,20,4
614,20,4
615,20,4
616,20,4
617,20,4
618,20,4
619,20,4
620,20,4
621,20,4
622,20,4
623,20,4
624,20,4
625,20,4
626,20,4
627,20,4
628,20,4
629,20,4
630,20,4
631,20,4
632,20,4
633,20,4
634,21,4
635,21,4
636,21,4
637,21,4
638,21,4
639,22,4
640,22,4
641,22,4
642,22,4
643,22,4
644,22,4
645,22,4
646,22,4
647,22,4
648,22,4
649,23,4
650,23,4
651,23,4
652,24,4
653,24,4
654,24,4
655,24,4
656,24,4
657,24,4
658,24,4
659,24,4
660,24,4
661,24,4
662,25,4
663,25,4
664,25,4
665,25,4
666,25,4
667,25,4
668,25,4
669,25,4
670,25,4
671,25,4
672,25,4
673,25,4
674,25,4
675,25,4
676,25,4
677,25,4
678,25,4
679,25,4
680,25,4
681,25,4
682,25,4
683,25,4
684,25,4
685,25,4
686,25,4
687,25,4
688,25,4
689,26,4
690,26,4
691,26,5
692,26,5
693,26,5
694,26,5
695,26,5
696,26,5
697,26,5
698,26,5
699,26,5
700,26,5
701,26,5
702,26,5
703,26,5
704,26,5
705,26,5
706,25,5
707,25,5
708,25,5
709,25,5
710,25,5
711,25,4
712,25,4
713,25,4
714,25,4
715,25,4
716,25,4
717,25,4
718,25,4
719,25,4
720,24,4
721,24,4
722,24,4
723,24,4
724,24,4
725,24,4
726,24,4
727,24,4
728,24,4
729,24,4
730,24,4
731,24,4
732,24,4
733,24,4
734,24,4
735,24,4
736,24,4
737,24,4
738,24,4
739,25,4
740,25,4
741,25,4
742,25,4
743,25,4
744,25,4
745,25,4
746,25,4
747,25,4
748,25,4
749,25,4
750,25,4
751,25,4
752,25,4
753,25,4
754,25,4
755,25,4
756,25,4
757,25,4
758,25,4
759,25,4
760,25,4
761,25,4
762,25,4
763,25,4
764,25,4
765,25,4
766,26,4
767,26,4
768,26,4
769,26,4
770,26,4
771,26,4
772,26,4
773,26,4
774,26,4
775,26,4
776,26,4
777,26,4
778,26,4
779,26,4
780,26,4
781,26,4
782,26,4
783,26,4
784,26,4
785,26,4
786,26,4
787,26,4
788,26,4
789,26,4
790,26,4
791,26,4
792,26,4
793,26,4
794,26,4
795,26,4
796,26,4
797,26,4
798,26,4
799,27,4
800,27,4
801,27,4
802,27,4
803,27,4
804,27,4
805,27,4
806,27,4
807,27,5
808,27,5
809,27,4
810,27,4
811,28,4
812,28,4
813,28,4
814,28,4
815,28,4
816,28,4
817,28,4
818,28,4
819,28,4
820,28,4
821,28,4
822,28,4
823,28,4
824,28,4
825,27,4
826,27,4
827,27,4
828,27,4
829,28,4
830,28,4
831,28,4
832,28,4
833,28,4
834,28,4
835,28,4
836,28,4
837,28,4
838,27,4
839,27,4
840,27,4
841,27,4
842,28,4
843,28,4
844,28,4
845,28,4
846,28,4
847,28,4
848,28,4
849,28,4
850,28,4
851,28,4
852,29,4
853,29,4
854,29,4
855,29,4
856,29,4
857,29,4
858,29,4
859,29,4
860,29,4
861,29,4
862,29,4
863,29,4
864,29,4
865,29,4
866,29,4
867,29,4
868,29,4
869,29,4
870,29,4
871,29,4
872,29,4
873,29,4
874,29,4
875,29,4
876,29,4
877,29,4
878,29,4
879,29,4
880,30,4
881,30,4
882,30,4
883,30,4
884,30,4
885,30,4
886,30,4
887,30,4
888,30,4
889,30,4
890,30,4
891,29,4
892,29,4
893,28,4
894,28,4
895,28,4
896,28,4
897,29,4
898,29,4
899,29,4
900,29,4
901,29,4
902,29,4
903,29,4
904,29,4
905,29,4
906,29,4
907,29,4
908,29,4
909,29,4
910,29,4
911,29,4
912,29,4
913,29,4
914,29,4
915,29,4
916,29,4
917,29,4
918,29,4
919,30,4
920,30,4
921,30,4
922,30,4
923,30,4
924,30,4
925,30,4
926,30,4
927,30,4
928,30,4
929,30,4
930,30,4
931,30,4
932,30,4
933,30,4
934,30,4
935,30,4
936,30,4
937,30,4
938,30,4
939,30,4
940,30,4
941,30,4
942,30,4
943,31,4
944,31,4
945,31,4
946,31,4
947,31,4
948,32,4
949,32,4
950,32,4
951,32,4
952,32,4
953,33,4
954,33,4
955,33,4
956,33,4
957,33,4
958,33,4
959,33,4
960,33,4
961,33,4
962,33,4
963,33,4
964,33,4
965,33,4
966,33,4
967,33,4
968,33,4
969,33,4
970,33,4
971,33,4
972,33,4
973,33,4
974,34,4
975,34,4
976,34,4
977,34,4
978,34,4
979,34,4
980,34,4
981,34,4
982,34,4
983,34,4
984,34,4
985,34,4
986,34,4
987,34,4
988,34,4
989,34,4
990,34,4
991,34,4
992,34,4
993,34,4
994,34,4
995,34,4
996,34,4
997,35,4
998,34,4
999,34,4
1000,34,4
