time frame,fish count,bear count
0,[10],[10]
0,10,0
1,10,0
2,10,0
3,10,0
4,10,0
5,10,0
6,10,0
7,10,0
8,10,0
9,10,0
10,10,0
11,10,0
12,10,0
13,10,0
14,9,0
15,8,0
16,8,0
17,8,0
18,8,0
19,8,0
20,8,0
21,8,0
22,8,0
23,8,0
24,8,0
25,8,0
26,8,0
27,8,0
28,8,0
29,8,0
30,8,0
31,8,0
32,8,0
33,8,0
34,8,0
35,8,0
36,8,0
37,8,0
38,8,0
39,8,0
40,8,0
41,8,0
42,8,0
43,8,0
44,8,0
45,8,0
46,8,0
47,8,0
48,8,0
49,8,0
50,8,0
51,8,0
52,8,0
53,8,0
54,8,0
55,8,0
56,8,0
57,8,0
58,8,0
59,7,0
60,7,0
61,7,0
62,7,0
63,7,0
64,7,0
65,6,0
66,6,0
67,6,0
68,6,0
69,6,0
70,6,0
71,6,0
72,6,0
73,6,0
74,6,0
75,6,0
76,6,0
77,6,0
78,6,0
79,6,0
80,6,0
81,6,0
82,6,0
83,6,0
84,6,0
85,6,0
86,6,0
87,6,0
88,6,0
89,5,0
90,5,0
91,5,0
92,5,0
93,5,0
94,5,0
95,5,0
96,5,0
97,5,0
98,5,0
99,5,0
100,5,0
101,5,0
102,5,0
103,5,0
104,5,0
105,5,0
106,5,0
107,5,0
108,5,0
109,5,0
110,5,0
111,5,0
112,5,0
113,5,0
114,5,0
115,5,0
116,5,0
117,5,0
118,5,0
119,5,0
120,5,0
121,5,0
122,5,0
123,5,0
124,5,0
125,5,0
126,5,0
127,5,0
128,5,0
129,4,0
130,4,0
131,4,0
132,4,0
133,4,0
134,4,0
135,4,0
136,4,0
137,4,0
138,4,0
139,4,0
140,4,0
141,4,0
142,4,0
143,4,0
144,4,0
145,4,0
146,4,0
147,4,0
148,4,0
149,4,0
150,4,0
151,4,0
152,4,0
153,4,0
154,5,0
155,5,0
156,5,0
157,5,0
158,5,0
159,5,0
160,5,0
161,5,0
162,5,0
163,5,0
164,5,0
165,5,0
166,5,0
167,4,0
168,4,0
169,4,0
170,4,0
171,4,0
172,4,0
173,4,0
174,4,0
175,4,0
176,4,0
177,4,0
178,4,0
179,4,0
180,4,0
181,4,0
182,3,0
183,2,0
184,2,0
185,2,0
186,2,0
187,2,0
188,2,0
189,2,0
190,2,0
191,2,0
192,2,0
193,2,0
194,2,0
195,2,0
196,2,0
197,2,0
198,2,0
199,2,0
200,2,0
201,2,0
202,2,0
203,2,0
204,2,0
205,2,0
206,2,0
207,2,0
208,2,0
209,2,0
210,2,0
211,2,0
212,2,0
213,2,0
214,2,0
215,2,0
216,2,0
217,2,0
218,2,0
219,2,0
220,2,0
221,2,0
222,2,0
223,2,0
224,2,0
225,2,0
226,2,0
227,2,0
228,2,0
229,2,0
230,2,0
231,2,0
232,2,0
233,2,0
234,2,0
235,2,0
236,2,0
237,2,0
238,2,0
239,2,0
240,2,0
241,2,0
242,2,0
243,2,0
244,2,0
245,2,0
246,2,0
247,2,0
248,2,0
249,2,0
250,2,0
251,2,0
252,2,0
253,2,0
254,2,0
255,2,0
256,2,0
257,2,0
258,2,0
259,2,0
260,2,0
261,2,0
262,2,0
263,2,0
264,2,0
265,2,0
266,2,0
267,2,0
268,2,0
269,2,0
270,2,0
271,3,0
272,3,0
273,3,0
274,3,0
275,3,0
276,3,0
277,3,0
278,3,0
279,3,0
280,3,0
281,3,0
282,3,0
283,3,0
284,3,0
285,3,0
286,3,0
287,3,0
288,3,0
289,3,0
290,3,0
291,3,0
292,3,0
293,3,0
294,3,0
295,3,0
296,3,0
297,3,0
298,3,0
299,3,0
300,3,0
301,3,0
302,3,0
303,3,0
304,3,0
305,3,0
306,3,0
307,3,0
308,3,0
309,3,0
310,3,0
311,3,0
312,3,0
313,3,0
314,3,0
315,3,0
316,3,0
317,3,0
318,3,0
319,3,0
320,3,0
321,3,0
322,4,0
323,4,0
324,4,0
325,4,0
326,4,0
327,4,0
328,4,0
329,4,0
330,4,0
331,4,0
332,4,0
333,4,0
334,4,0
335,4,0
336,4,0
337,4,0
338,4,0
339,4,0
340,4,0
341,4,0
342,4,0
343,4,0
344,4,0
345,4,0
346,4,0
347,4,0
348,4,0
349,4,0
350,4,0
351,4,0
352,4,0
353,4,0
354,4,0
355,4,0
356,4,0
357,4,0
358,4,0
359,4,0
360,4,0
361,4,0
362,5,0
363,5,0
364,5,0
365,5,0
366,5,0
367,5,0
368,5,0
369,5,0
370,5,0
371,5,0
372,5,0
373,5,0
374,5,0
375,5,0
376,5,0
377,5,0
378,5,0
379,5,0
380,5,0
381,5,0
382,5,0
383,5,0
384,5,0
385,5,0
386,5,0
387,5,0
388,5,0
389,5,0
390,5,0
391,5,0
392,5,0
393,5,0
394,5,0
395,5,0
396,5,0
397,5,0
398,5,0
399,5,0
400,5,0
401,5,0
402,5,0
403,5,0
404,5,0
405,5,0
406,5,0
407,5,0
408,5,0
409,5,0
410,5,0
411,5,0
412,5,0
413,5,0
414,5,0
415,5,0
416,5,0
417,5,0
418,5,0
419,5,0
420,5,0
421,5,0
422,5,0
423,5,0
424,5,0
425,5,0
426,5,0
427,5,0
428,5,0
429,5,0
430,5,0
431,5,0
432,5,0
433,5,0
434,5,0
435,5,0
436,5,0
437,5,0
438,5,0
439,5,0
440,5,0
441,5,0
442,5,0
443,5,0
444,5,0
445,5,0
446,5,0
447,5,0
448,5,0
449,5,0
450,5,0
451,5,0
452,5,0
453,5,0
454,5,0
455,5,0
456,5,0
457,5,0
458,5,0
459,5,0
460,5,0
461,5,0
462,5,0
463,5,0
464,5,0
465,5,0
466,5,0
467,5,0
468,5,0
469,5,0
470,5,0
471,5,0
472,5,0
473,5,0
474,5,0
475,5,0
476,5,0
477,5,0
478,5,0
479,5,0
480,5,0
481,5,0
482,5,0
483,5,0
484,5,0
485,5,0
486,6,0
487,6,0
488,6,0
489,6,0
490,6,0
491,6,0
492,6,0
493,6,0
494,6,0
495,6,0
496,6,0
497,6,0
498,6,0
499,6,0
500,6,0
501,6,0
502,7,0
503,7,0
504,7,0
505,7,0
506,7,0
507,7,0
508,7,0
509,7,0
510,7,0
511,7,0
512,7,0
513,7,0
514,7,0
515,7,0
516,7,0
517,7,0
518,7,0
519,7,0
520,6,0
521,7,0
522,7,0
523,7,0
524,7,0
525,7,0
526,7,0
527,7,0
528,7,0
529,7,0
530,7,0
531,7,0
532,7,0
533,7,0
534,7,0
535,7,0
536,7,0
537,8,0
538,8,0
539,8,0
540,8,0
541,8,0
542,8,0
543,8,0
544,8,0
545,8,0
546,8,0
547,8,0
548,8,0
549,8,0
550,9,0
551,9,0
552,9,0
553,9,0
554,9,0
555,9,0
556,9,0
557,9,0
558,9,0
559,9,0
560,9,0
561,9,0
562,9,0
563,9,0
564,9,0
565,9,0
566,9,0
567,9,0
568,9,0
569,9,0
570,9,0
571,9,0
572,9,0
573,9,0
574,9,0
575,8,0
576,8,0
577,8,0
578,8,0
579,8,0
580,8,0
581,8,0
582,8,0
583,8,0
584,8,0
585,8,0
586,8,0
587,8,0
588,8,0
589,8,0
590,8,0
591,8,0
592,8,0
593,8,0
594,8,0
595,8,0
596,8,0
597,8,0
598,8,0
599,8,0
600,8,0
601,8,0
602,8,0
603,8,0
604,8,0
605,8,0
606,8,0
607,8,0
608,8,0
609,8,0
610,8,0
611,8,0
612,8,0
613,8,0
614,8,0
615,8,0
616,8,0
617,8,0
618,8,0
619,8,0
620,8,0
621,8,0
622,8,0
623,8,0
624,8,0
625,8,0
626,8,0
627,8,0
628,8,0
629,8,0
630,8,0
631,8,0
632,8,0
633,8,0
634,8,0
635,8,0
636,8,0
637,8,0
638,8,0
639,8,0
640,8,0
641,8,0
642,8,0
643,8,0
644,8,0
645,8,0
646,8,0
647,8,0
648,8,0
649,7,0
650,7,0
651,7,0
652,7,0
653,7,0
654,7,0
655,7,0
656,8,0
657,8,0
658,8,0
659,8,0
660,8,0
661,8,0
662,8,0
663,8,0
664,8,0
665,8,0
666,8,0
667,8,0
668,7,0
669,7,0
670,7,0
671,7,0
672,7,0
673,7,0
674,7,0
675,7,0
676,7,0
677,7,0
678,7,0
679,7,0
680,7,0
681,7,0
682,7,0
683,7,0
684,7,0
685,7,0
686,7,0
687,7,0
688,7,0
689,7,0
690,7,0
691,7,0
692,7,0
693,7,0
694,7,0
695,7,0
696,7,0
697,7,0
698,7,0
699,7,0
700,7,0
701,7,0
702,7,0
703,7,0
704,7,0
705,7,0
706,7,0
707,7,0
708,7,0
709,7,0
710,7,0
711,7,0
712,6,0
713,6,0
714,6,0
715,6,0
716,6,0
717,6,0
718,6,0
719,6,0
720,6,0
721,6,0
722,6,0
723,6,0
724,6,0
725,6,0
726,6,0
727,6,0
728,6,0
729,6,0
730,6,0
731,6,0
732,6,0
733,6,0
734,6,0
735,6,0
736,6,0
737,7,0
738,7,0
739,7,0
740,7,0
741,7,0
742,8,0
743,8,0
744,8,0
745,8,0
746,8,0
747,8,0
748,8,0
749,8,0
750,8,0
751,8,0
752,8,0
753,7,0
754,7,0
755,7,0
756,7,0
757,7,0
758,7,0
759,7,0
760,7,0
761,7,0
762,7,0
763,7,0
764,7,0
765,7,0
766,8,0
767,8,0
768,8,0
769,8,0
770,8,0
771,8,0
772,8,0
773,8,0
774,8,0
775,8,0
776,8,0
777,8,0
778,8,0
779,7,0
780,7,0
781,7,0
782,7,0
783,7,0
784,7,0
785,7,0
786,7,0
787,7,0
788,7,0
789,7,0
790,7,0
791,7,0
792,7,0
793,7,0
794,7,0
795,7,0
796,7,0
797,7,0
798,7,0
799,7,0
800,7,0
801,7,0
802,8,0
803,8,0
804,8,0
805,8,0
806,8,0
807,8,0
808,8,0
809,8,0
810,8,0
811,8,0
812,8,0
813,8,0
814,8,0
815,8,0
816,8,0
817,8,0
818,8,0
819,8,0
820,8,0
821,8,0
822,8,0
823,8,0
824,8,0
825,8,0
826,8,0
827,8,0
828,8,0
829,8,0
830,8,0
831,8,0
832,8,0
833,8,0
834,8,0
835,8,0
836,8,0
837,8,0
838,8,0
839,8,0
840,8,0
841,8,0
842,8,0
843,8,0
844,8,0
845,8,0
846,8,0
847,8,0
848,8,0
849,8,0
850,8,0
851,8,0
852,8,0
853,8,0
854,8,0
855,8,0
856,8,0
857,8,0
858,8,0
859,8,0
860,8,0
861,8,0
862,8,0
863,8,0
864,8,0
865,8,0
866,8,0
867,8,0
868,8,0
869,8,0
870,8,0
871,8,0
872,8,0
873,8,0
874,8,0
875,8,0
876,8,0
877,8,0
878,8,0
879,8,0
880,8,0
881,8,0
882,8,0
883,8,0
884,8,0
885,8,0
886,8,0
887,9,0
888,9,0
889,9,0
890,9,0
891,9,0
892,9,0
893,9,0
894,9,0
895,9,0
896,9,0
897,9,0
898,9,0
899,9,0
900,9,0
901,9,0
902,9,0
903,9,0
904,9,0
905,9,0
906,9,0
907,9,0
908,9,0
909,9,0
910,9,0
911,9,0
912,9,0
913,9,0
914,9,0
915,9,0
916,9,0
917,9,0
918,9,0
919,9,0
920,9,0
921,9,0
922,9,0
923,8,0
924,8,0
925,8,0
926,8,0
927,8,0
928,8,0
929,8,0
930,8,0
931,8,0
932,8,0
933,8,0
934,8,0
935,8,0
936,8,0
937,8,0
938,8,0
939,8,0
940,8,0
941,8,0
942,8,0
943,8,0
944,8,0
945,8,0
946,8,0
947,8,0
948,8,0
949,8,0
950,8,0
951,8,0
952,8,0
953,8,0
954,8,0
955,8,0
956,8,0
957,8,0
958,8,0
959,8,0
960,8,0
961,8,0
962,8,0
963,8,0
964,8,0
965,8,0
966,8,0
967,8,0
968,8,0
969,8,0
970,8,0
971,8,0
972,8,0
973,8,0
974,9,0
975,9,0
976,9,0
977,9,0
978,9,0
979,9,0
980,9,0
981,9,0
982,9,0
983,9,0
984,9,0
985,9,0
986,9,0
987,9,0
988,9,0
989,9,0
990,9,0
991,9,0
992,9,0
993,9,0
994,10,0
995,10,0
996,9,0
997,9,0
998,9,0
999,9,0
1000,9,0
1001,9,0
1002,9,0
1003,9,0
1004,9,0
1005,9,0
1006,9,0
1007,10,0
1008,10,0
1009,10,0
1010,10,0
1011,10,0
1012,10,0
1013,10,0
1014,10,0
1015,10,0
1016,10,0
1017,10,0
1018,10,0
1019,10,0
1020,10,0
1021,10,0
1022,10,0
1023,10,0
1024,10,0
1025,10,0
1026,10,0
1027,10,0
1028,10,0
1029,10,0
1030,10,0
1031,10,0
1032,10,0
1033,10,0
1034,10,0
1035,11,0
1036,11,0
1037,11,0
1038,11,0
1039,11,0
1040,11,0
1041,11,0
1042,11,0
1043,11,0
1044,10,0
1045,10,0
1046,10,0
1047,10,0
1048,10,0
1049,10,0
1050,10,0
1051,10,0
1052,11,0
1053,11,0
1054,11,0
1055,11,0
1056,11,0
1057,11,0
1058,11,0
1059,11,0
1060,11,0
1061,11,0
1062,11,0
1063,11,0
1064,11,0
1065,11,0
1066,11,0
1067,11,0
1068,11,0
1069,11,0
1070,11,0
1071,11,0
1072,11,0
1073,11,0
1074,11,0
1075,11,0
1076,11,0
1077,11,0
1078,11,0
1079,11,0
1080,11,0
1081,11,0
1082,11,0
1083,11,0
1084,11,0
1085,11,0
1086,11,0
1087,11,0
1088,11,0
1089,11,0
1090,11,0
1091,11,0
1092,11,0
1093,11,0
1094,11,0
1095,11,0
1096,11,0
1097,11,0
1098,11,0
1099,11,0
1100,11,0
1101,11,0
1102,11,0
1103,11,0
1104,11,0
1105,11,0
1106,11,0
1107,11,0
1108,11,0
1109,11,0
1110,11,0
1111,11,0
1112,11,0
1113,11,0
1114,11,0
1115,11,0
1116,11,0
1117,11,0
1118,11,0
1119,11,0
1120,11,0
1121,11,0
1122,11,0
1123,12,0
1124,12,0
1125,12,0
1126,12,0
1127,12,0
1128,12,0
1129,12,0
1130,12,0
1131,12,0
1132,12,0
1133,12,0
1134,12,0
1135,12,0
1136,12,0
1137,12,0
1138,12,0
1139,12,0
1140,12,0
1141,12,0
1142,12,0
1143,12,0
1144,12,0
1145,12,0
1146,12,0
1147,12,0
1148,12,0
1149,11,0
1150,11,0
1151,11,0
1152,11,0
1153,11,0
1154,11,0
1155,11,0
1156,11,0
1157,11,0
1158,12,0
1159,12,0
1160,12,0
1161,12,0
1162,12,0
1163,12,0
1164,12,0
1165,12,0
1166,13,0
1167,13,0
1168,13,0
1169,13,0
1170,13,0
1171,13,0
1172,13,0
1173,13,0
1174,13,0
1175,13,0
1176,13,0
1177,13,0
1178,13,0
1179,13,0
1180,13,0
1181,13,0
1182,13,0
1183,13,0
1184,13,0
1185,13,0
1186,13,0
1187,13,0
1188,13,0
1189,13,0
1190,13,0
1191,13,0
1192,13,0
1193,13,0
1194,13,0
1195,13,0
1196,13,0
1197,13,0
1198,13,0
1199,13,0
1200,13,0
1201,13,0
1202,13,0
1203,13,0
1204,13,0
1205,13,0
1206,12,0
1207,12,0
1208,12,0
1209,12,0
1210,12,0
1211,12,0
1212,12,0
1213,12,0
1214,12,0
1215,12,0
1216,12,0
1217,12,0
1218,12,0
1219,12,0
1220,12,0
1221,12,0
1222,12,0
1223,12,0
1224,12,0
1225,12,0
1226,12,0
1227,12,0
1228,12,0
1229,12,0
1230,12,0
1231,12,0
1232,12,0
1233,12,0
1234,12,0
1235,12,0
1236,12,0
1237,12,0
1238,12,0
1239,12,0
1240,12,0
1241,12,0
1242,12,0
1243,12,0
1244,12,0
1245,12,0
1246,12,0
1247,12,0
1248,12,0
1249,12,0
1250,12,0
1251,12,0
1252,12,0
1253,12,0
1254,12,0
1255,13,0
1256,13,0
1257,13,0
1258,12,0
1259,12,0
1260,12,0
1261,12,0
1262,12,0
1263,12,0
1264,12,0
1265,12,0
1266,12,0
1267,12,0
1268,12,0
1269,12,0
1270,12,0
1271,12,0
1272,11,0
1273,11,0
1274,11,0
1275,11,0
1276,11,0
1277,11,0
1278,11,0
1279,11,0
1280,11,0
1281,11,0
1282,11,0
1283,11,0
1284,11,0
1285,11,0
1286,11,0
1287,11,0
1288,11,0
1289,11,0
1290,11,0
1291,11,0
1292,11,0
1293,11,0
1294,11,0
1295,11,0
1296,11,0
1297,11,0
1298,11,0
1299,11,0
1300,11,0
1301,11,0
1302,11,0
1303,11,0
1304,11,0
1305,11,0
1306,11,0
1307,11,0
1308,11,0
1309,11,0
1310,11,0
1311,11,0
1312,11,0
1313,11,0
1314,11,0
1315,11,0
1316,11,0
1317,11,0
1318,11,0
1319,11,0
1320,11,0
1321,11,0
1322,11,0
1323,11,0
1324,11,0
1325,11,0
1326,11,0
1327,11,0
1328,11,0
1329,11,0
1330,11,0
1331,11,0
1332,11,0
1333,11,0
1334,11,0
1335,11,0
1336,11,0
1337,11,0
1338,11,0
1339,11,0
1340,12,0
1341,12,0
1342,12,0
1343,12,0
1344,12,0
1345,12,0
1346,12,0
1347,12,0
1348,12,0
1349,12,0
1350,12,0
1351,12,0
1352,12,0
1353,12,0
1354,12,0
1355,12,0
1356,12,0
1357,12,0
1358,12,0
1359,13,0
1360,13,0
1361,13,0
1362,13,0
1363,13,0
1364,13,0
1365,13,0
1366,13,0
1367,13,0
1368,13,0
1369,13,0
1370,13,0
1371,13,0
1372,13,0
1373,13,0
1374,13,0
1375,13,0
1376,13,0
1377,13,0
1378,13,0
1379,13,0
1380,13,0
1381,13,0
1382,13,0
1383,13,0
1384,13,0
1385,13,0
1386,13,0
1387,13,0
1388,13,0
1389,13,0
1390,13,0
1391,13,0
1392,13,0
1393,13,0
1394,13,0
1395,13,0
1396,13,0
1397,13,0
1398,13,0
1399,13,0
1400,13,0
1401,13,0
1402,13,0
1403,13,0
1404,13,0
1405,13,0
1406,13,0
1407,13,0
1408,13,0
1409,14,0
1410,14,0
1411,14,0
1412,14,0
1413,14,0
1414,14,0
1415,14,0
1416,14,0
1417,14,0
1418,14,0
1419,14,0
1420,14,0
1421,14,0
1422,14,0
1423,14,0
1424,14,0
1425,14,0
1426,14,0
1427,14,0
1428,14,0
1429,14,0
1430,14,0
1431,15,0
1432,15,0
1433,15,0
1434,15,0
1435,15,0
1436,15,0
1437,15,0
1438,15,0
1439,15,0
1440,15,0
1441,15,0
1442,15,0
1443,15,0
1444,15,0
1445,15,0
1446,15,0
1447,14,0
1448,14,0
1449,14,0
1450,14,0
1451,14,0
1452,14,0
1453,14,0
1454,14,0
1455,14,0
1456,14,0
1457,14,0
1458,14,0
1459,14,0
1460,14,0
1461,14,0
1462,14,0
1463,14,0
1464,14,0
1465,14,0
1466,14,0
1467,14,0
1468,14,0
1469,14,0
1470,14,0
1471,14,0
1472,14,0
1473,14,0
1474,14,0
1475,15,0
1476,15,0
1477,15,0
1478,15,0
1479,15,0
1480,15,0
1481,15,0
1482,15,0
1483,15,0
1484,15,0
1485,15,0
1486,15,0
1487,15,0
1488,15,0
1489,15,0
1490,16,0
1491,16,0
1492,16,0
1493,16,0
1494,16,0
1495,16,0
1496,16,0
1497,16,0
1498,16,0
1499,16,0
1500,16,0
1501,16,0
1502,16,0
1503,16,0
1504,16,0
1505,16,0
1506,16,0
1507,16,0
1508,16,0
1509,16,0
1510,16,0
1511,16,0
1512,16,0
1513,16,0
1514,16,0
1515,16,0
1516,16,0
1517,16,0
1518,16,0
1519,16,0
1520,16,0
1521,16,0
1522,17,0
1523,17,0
1524,17,0
1525,17,0
1526,17,0
1527,17,0
1528,17,0
1529,17,0
1530,17,0
1531,17,0
1532,17,0
1533,18,0
1534,18,0
1535,18,0
1536,18,0
1537,18,0
1538,18,0
1539,18,0
1540,18,0
1541,18,0
1542,18,0
1543,18,0
1544,18,0
1545,18,0
1546,19,0
1547,19,0
1548,19,0
1549,19,0
1550,19,0
1551,19,0
1552,19,0
1553,19,0
1554,19,0
1555,19,0
1556,19,0
1557,19,0
1558,20,0
1559,19,0
1560,19,0
1561,19,0
1562,19,0
1563,19,0
1564,20,0
1565,20,0
1566,20,0
1567,20,0
1568,20,0
1569,20,0
1570,20,0
1571,20,0
1572,20,0
1573,20,0
1574,20,0
1575,20,0
1576,20,0
1577,20,0
1578,20,0
1579,20,0
1580,20,0
1581,20,0
1582,20,0
1583,19,0
1584,19,0
1585,19,0
1586,19,0
1587,19,0
1588,19,0
1589,19,0
1590,19,0
1591,19,0
1592,19,0
1593,19,0
1594,19,0
1595,19,0
1596,18,0
1597,18,0
1598,18,0
1599,18,0
1600,18,0
1601,18,0
1602,18,0
1603,17,0
1604,16,0
1605,16,0
1606,16,0
1607,16,0
1608,16,0
1609,16,0
1610,16,0
1611,16,0
1612,16,0
1613,16,0
1614,16,0
1615,16,0
1616,16,0
1617,16,0
1618,16,0
1619,16,0
1620,16,0
1621,16,0
1622,16,0
1623,16,0
1624,16,0
1625,16,0
1626,16,0
1627,16,0
1628,16,0
1629,16,0
1630,16,0
1631,16,0
1632,16,0
1633,15,0
1634,15,0
1635,15,0
1636,15,0
1637,14,0
1638,14,0
1639,14,0
1640,14,0
1641,14,0
1642,14,0
1643,14,0
1644,14,0
1645,14,0
1646,14,0
1647,14,0
1648,14,0
1649,14,0
1650,14,0
1651,14,0
1652,14,0
1653,14,0
1654,14,0
1655,14,0
1656,14,0
1657,14,0
1658,14,0
1659,14,0
1660,14,0
1661,14,0
1662,14,0
1663,14,0
1664,14,0
1665,14,0
1666,14,0
1667,14,0
1668,14,0
1669,14,0
1670,14,0
1671,14,0
1672,14,0
1673,14,0
1674,14,0
1675,14,0
1676,14,0
1677,14,0
1678,14,0
1679,14,0
1680,14,0
1681,14,0
1682,14,0
1683,14,0
1684,14,0
1685,14,0
1686,15,0
1687,15,0
1688,15,0
1689,15,0
1690,15,0
1691,15,0
1692,15,0
1693,15,0
1694,15,0
1695,15,0
1696,15,0
1697,15,0
1698,15,0
1699,15,0
1700,15,0
1701,15,0
1702,15,0
1703,15,0
1704,15,0
1705,15,0
1706,15,0
1707,15,0
1708,15,0
1709,15,0
1710,15,0
1711,15,0
1712,15,0
1713,15,0
1714,15,0
1715,15,0
1716,16,0
1717,15,0
1718,15,0
1719,15,0
1720,15,0
1721,16,0
1722,16,0
1723,16,0
1724,16,0
1725,16,0
1726,16,0
1727,16,0
1728,16,0
1729,16,0
1730,16,0
1731,16,0
1732,16,0
1733,16,0
1734,16,0
1735,15,0
1736,15,0
1737,15,0
1738,15,0
1739,15,0
1740,15,0
1741,15,0
1742,15,0
1743,14,0
1744,14,0
1745,14,0
1746,14,0
1747,14,0
1748,14,0
1749,14,0
1750,14,0
1751,14,0
1752,14,0
1753,14,0
1754,14,0
1755,14,0
1756,14,0
1757,14,0
1758,14,0
1759,14,0
1760,14,0
1761,14,0
1762,14,0
1763,14,0
1764,14,0
1765,14,0
1766,14,0
1767,14,0
1768,14,0
1769,14,0
1770,14,0
1771,14,0
1772,14,0
1773,14,0
1774,14,0
1775,14,0
1776,13,0
1777,13,0
1778,13,0
1779,13,0
1780,13,0
1781,13,0
1782,13,0
1783,13,0
1784,13,0
1785,13,0
1786,13,0
1787,13,0
1788,13,0
1789,13,0
1790,13,0
1791,13,0
1792,13,0
1793,13,0
1794,13,0
1795,13,0
1796,13,0
1797,13,0
1798,13,0
1799,13,0
1800,13,0
1801,13,0
1802,14,0
1803,14,0
1804,14,0
1805,14,0
1806,14,0
1807,14,0
1808,14,0
1809,14,0
1810,14,0
1811,14,0
1812,14,0
1813,14,0
1814,14,0
1815,14,0
1816,14,0
1817,14,0
1818,14,0
1819,13,0
1820,14,0
1821,14,0
1822,14,0
1823,14,0
1824,14,0
1825,14,0
1826,14,0
1827,14,0
1828,14,0
1829,14,0
1830,14,0
1831,14,0
1832,14,0
1833,14,0
1834,14,0
1835,14,0
1836,14,0
1837,14,0
1838,14,0
1839,14,0
1840,14,0
1841,14,0
1842,14,0
1843,14,0
1844,14,0
1845,14,0
1846,14,0
1847,14,0
1848,14,0
1849,14,0
1850,14,0
1851,14,0
1852,14,0
1853,14,0
1854,14,0
1855,14,0
1856,14,0
1857,14,0
1858,14,0
1859,14,0
1860,14,0
1861,14,0
1862,14,0
1863,14,0
1864,14,0
1865,14,0
1866,14,0
1867,14,0
1868,14,0
1869,14,0
1870,14,0
1871,14,0
1872,14,0
1873,14,0
1874,14,0
1875,14,0
1876,14,0
1877,13,0
1878,13,0
1879,13,0
1880,12,0
1881,12,0
1882,12,0
1883,12,0
1884,12,0
1885,12,0
1886,12,0
1887,12,0
1888,12,0
1889,12,0
1890,12,0
1891,12,0
1892,12,0
1893,12,0
1894,12,0
1895,12,0
1896,12,0
1897,12,0
1898,12,0
1899,12,0
1900,13,0
1901,12,0
1902,12,0
1903,12,0
1904,12,0
1905,12,0
1906,12,0
1907,12,0
1908,12,0
1909,12,0
1910,12,0
1911,12,0
1912,13,0
1913,13,0
1914,13,0
1915,13,0
1916,13,0
1917,13,0
1918,13,0
1919,13,0
1920,13,0
1921,13,0
1922,13,0
1923,13,0
1924,13,0
1925,13,0
1926,13,0
1927,13,0
1928,14,0
1929,14,0
1930,14,0
1931,14,0
1932,14,0
1933,14,0
1934,14,0
1935,14,0
1936,14,0
1937,14,0
1938,14,0
1939,14,0
1940,14,0
1941,14,0
1942,14,0
1943,14,0
1944,14,0
1945,14,0
1946,14,0
1947,13,0
1948,12,0
1949,12,0
1950,12,0
1951,12,0
1952,12,0
1953,12,0
1954,12,0
1955,12,0
1956,12,0
1957,12,0
1958,12,0
1959,11,0
1960,11,0
1961,11,0
1962,11,0
1963,11,0
1964,11,0
1965,11,0
1966,11,0
1967,11,0
1968,11,0
1969,11,0
1970,10,0
1971,10,0
1972,10,0
1973,10,0
1974,10,0
1975,10,0
1976,10,0
1977,10,0
1978,10,0
1979,10,0
1980,10,0
1981,10,0
1982,10,0
1983,10,0
1984,10,0
1985,10,0
1986,11,0
1987,11,0
1988,10,0
1989,10,0
1990,10,0
1991,10,0
1992,10,0
1993,10,0
1994,10,0
1995,9,0
1996,9,0
1997,9,0
1998,9,0
1999,9,0
2000,9,0
2001,9,0
2002,9,0
2003,9,0
2004,8,0
2005,8,0
2006,7,0
2007,7,0
2008,7,0
2009,7,0
2010,7,0
2011,7,0
2012,7,0
2013,7,0
2014,7,0
2015,7,0
2016,7,0
2017,7,0
2018,7,0
2019,7,0
2020,7,0
2021,8,0
2022,8,0
2023,8,0
2024,8,0
2025,8,0
2026,8,0
2027,8,0
2028,8,0
2029,8,0
2030,8,0
2031,8,0
2032,8,0
2033,8,0
2034,8,0
2035,8,0
2036,8,0
2037,8,0
2038,8,0
2039,7,0
2040,7,0
2041,7,0
2042,7,0
2043,7,0
2044,8,0
2045,8,0
2046,8,0
2047,8,0
2048,8,0
2049,8,0
2050,8,0
2051,8,0
2052,8,0
2053,8,0
2054,8,0
2055,8,0
2056,8,0
2057,8,0
2058,8,0
2059,8,0
2060,8,0
2061,8,0
2062,8,0
2063,8,0
2064,8,0
2065,8,0
2066,8,0
2067,8,0
2068,8,0
2069,7,0
2070,7,0
2071,7,0
2072,7,0
2073,7,0
2074,7,0
2075,7,0
2076,7,0
2077,7,0
2078,7,0
2079,7,0
2080,7,0
2081,7,0
2082,7,0
2083,7,0
2084,6,0
2085,6,0
2086,6,0
2087,6,0
2088,6,0
2089,6,0
2090,6,0
2091,6,0
2092,6,0
2093,6,0
2094,6,0
2095,6,0
2096,6,0
2097,6,0
2098,6,0
2099,6,0
2100,6,0
2101,6,0
2102,6,0
2103,6,0
2104,6,0
2105,6,0
2106,6,0
2107,6,0
2108,6,0
2109,6,0
2110,6,0
2111,6,0
2112,6,0
2113,6,0
2114,6,0
2115,6,0
2116,6,0
2117,6,0
2118,6,0
2119,6,0
2120,6,0
2121,6,0
2122,6,0
2123,6,0
2124,6,0
2125,6,0
2126,5,0
2127,5,0
2128,5,0
2129,5,0
2130,5,0
2131,5,0
2132,5,0
2133,5,0
2134,5,0
2135,5,0
2136,5,0
2137,5,0
2138,5,0
2139,5,0
2140,5,0
2141,5,0
2142,4,0
2143,4,0
2144,4,0
2145,4,0
2146,4,0
2147,4,0
2148,4,0
2149,4,0
2150,4,0
2151,4,0
2152,4,0
2153,4,0
2154,4,0
2155,4,0
2156,4,0
2157,4,0
2158,4,0
2159,4,0
2160,4,0
2161,4,0
2162,4,0
2163,4,0
2164,4,0
2165,4,0
2166,4,0
2167,4,0
2168,4,0
2169,4,0
2170,4,0
2171,4,0
2172,4,0
2173,4,0
2174,4,0
2175,4,0
2176,4,0
2177,4,0
2178,4,0
2179,4,0
2180,4,0
2181,4,0
2182,4,0
2183,4,0
2184,4,0
2185,4,0
2186,4,0
2187,4,0
2188,4,0
2189,4,0
2190,4,0
2191,3,0
2192,3,0
2193,3,0
2194,3,0
2195,3,0
2196,3,0
2197,3,0
2198,3,0
2199,3,0
2200,3,0
2201,3,0
2202,3,0
2203,3,0
2204,3,0
2205,3,0
2206,3,0
2207,3,0
2208,3,0
2209,3,0
2210,3,0
2211,3,0
2212,3,0
2213,3,0
2214,3,0
2215,4,0
2216,4,0
2217,4,0
2218,4,0
2219,4,0
2220,4,0
2221,4,0
2222,4,0
2223,4,0
2224,4,0
2225,4,0
2226,4,0
2227,4,0
2228,4,0
2229,4,0
2230,4,0
2231,4,0
2232,4,0
2233,4,0
2234,4,0
2235,4,0
2236,4,0
2237,4,0
2238,4,0
2239,5,0
2240,5,0
2241,5,0
2242,5,0
2243,5,0
2244,5,0
2245,5,0
2246,5,0
2247,5,0
2248,5,0
2249,5,0
2250,5,0
2251,5,0
2252,5,0
2253,5,0
2254,5,0
2255,5,0
2256,5,0
2257,5,0
2258,5,0
2259,5,0
2260,5,0
2261,5,0
2262,5,0
2263,5,0
2264,5,0
2265,5,0
2266,5,0
2267,5,0
2268,5,0
2269,5,0
2270,5,0
2271,5,0
2272,5,0
2273,5,0
2274,5,0
2275,5,0
2276,5,0
2277,5,0
2278,5,0
2279,5,0
2280,5,0
2281,5,0
2282,5,0
2283,5,0
2284,5,0
2285,5,0
2286,5,0
2287,5,0
2288,5,0
2289,4,0
2290,4,0
2291,4,0
2292,4,0
2293,4,0
2294,4,0
2295,4,0
2296,4,0
2297,4,0
2298,4,0
2299,4,0
2300,4,0
2301,4,0
2302,4,0
2303,4,0
2304,4,0
2305,4,0
2306,4,0
2307,4,0
2308,4,0
2309,4,0
2310,3,0
2311,3,0
2312,3,0
2313,3,0
2314,3,0
2315,3,0
2316,3,0
2317,3,0
2318,3,0
2319,3,0
2320,3,0
2321,3,0
2322,3,0
2323,3,0
2324,3,0
2325,3,0
2326,3,0
2327,3,0
2328,3,0
2329,3,0
2330,3,0
2331,3,0
2332,3,0
2333,3,0
2334,3,0
2335,3,0
2336,3,0
2337,3,0
2338,3,0
2339,3,0
2340,3,0
2341,3,0
2342,3,0
2343,3,0
2344,3,0
2345,3,0
2346,3,0
2347,3,0
2348,3,0
2349,3,0
2350,3,0
2351,3,0
2352,3,0
2353,3,0
2354,3,0
2355,3,0
2356,3,0
2357,3,0
2358,3,0
2359,3,0
2360,3,0
2361,3,0
2362,3,0
2363,3,0
2364,3,0
2365,3,0
2366,3,0
2367,3,0
2368,3,0
2369,3,0
2370,3,0
2371,3,0
2372,3,0
2373,3,0
2374,3,0
2375,3,0
2376,3,0
2377,3,0
2378,3,0
2379,3,0
2380,3,0
2381,3,0
2382,3,0
2383,3,0
2384,3,0
2385,3,0
2386,3,0
2387,3,0
2388,3,0
2389,3,0
2390,3,0
2391,3,0
2392,3,0
2393,3,0
2394,3,0
2395,3,0
2396,3,0
2397,3,0
2398,3,0
2399,3,0
2400,3,0
2401,3,0
2402,3,0
2403,3,0
2404,3,0
2405,3,0
2406,3,0
2407,3,0
2408,3,0
2409,3,0
2410,3,0
2411,3,0
2412,3,0
2413,3,0
2414,3,0
2415,3,0
2416,3,0
2417,3,0
2418,3,0
2419,3,0
2420,3,0
2421,3,0
2422,3,0
2423,3,0
2424,3,0
2425,3,0
2426,3,0
2427,3,0
2428,3,0
2429,3,0
2430,3,0
2431,3,0
2432,3,0
2433,3,0
2434,3,0
2435,3,0
2436,3,0
2437,3,0
2438,3,0
2439,3,0
2440,3,0
2441,3,0
2442,3,0
2443,3,0
2444,3,0
2445,3,0
2446,3,0
2447,3,0
2448,3,0
2449,3,0
2450,3,0
2451,3,0
2452,3,0
2453,3,0
2454,3,0
2455,3,0
2456,3,0
2457,3,0
2458,3,0
2459,3,0
2460,3,0
2461,3,0
2462,3,0
2463,3,0
2464,3,0
2465,3,0
2466,3,0
2467,3,0
2468,3,0
2469,3,0
2470,3,0
2471,3,0
2472,3,0
2473,3,0
2474,3,0
2475,3,0
2476,3,0
2477,3,0
2478,3,0
2479,3,0
2480,3,0
2481,3,0
2482,3,0
2483,3,0
2484,3,0
2485,2,0
2486,2,0
2487,2,0
2488,2,0
2489,2,0
2490,2,0
2491,2,0
2492,2,0
2493,2,0
2494,2,0
2495,2,0
2496,2,0
2497,2,0
2498,2,0
2499,2,0
