time frame,fish count,bear count
0,10,10
1,10,10
2,10,10
3,10,10
4,10,10
5,10,10
6,10,10
7,10,10
8,10,10
9,10,10
10,9,10
11,9,10
12,9,10
13,9,10
14,9,10
15,9,10
16,9,10
17,9,10
18,9,10
19,9,10
20,9,10
21,8,10
22,8,10
23,8,10
24,8,10
25,8,10
26,8,10
27,8,10
28,8,10
29,8,10
30,8,10
31,8,10
32,7,10
33,7,10
34,7,10
35,7,10
36,7,10
37,7,10
38,7,10
39,7,10
40,7,10
41,7,10
42,7,10
43,7,10
44,7,10
45,7,10
46,7,10
47,7,10
48,7,10
49,7,10
50,7,10
51,7,10
52,7,10
53,7,10
54,7,10
55,7,10
56,7,10
57,7,10
58,7,10
59,7,10
60,7,10
61,7,10
62,7,10
63,7,10
64,7,10
65,7,10
66,7,10
67,7,10
68,7,10
