time frame,fish count,bear count
0,10,10
1,9,10
2,9,10
3,9,10
4,9,10
5,9,10
6,9,10
7,9,10
8,9,10
9,9,10
10,9,10
11,9,10
12,9,10
13,9,10
14,9,10
15,9,10
16,9,10
17,9,10
18,9,10
19,9,10
20,9,10
21,9,10
22,9,10
23,9,10
24,9,10
25,9,10
26,9,10
27,9,10
28,9,10
29,9,10
30,9,10
31,9,10
32,9,10
33,9,10
34,9,10
35,9,10
36,9,10
37,9,10
38,9,10
39,9,10
40,9,10
41,9,10
42,9,10
43,9,10
44,9,10
45,9,10
46,9,10
47,9,10
48,9,10
49,9,10
50,9,10
51,9,10
52,9,10
53,9,10
54,9,10
55,9,10
56,9,10
57,9,11
58,9,11
59,9,11
60,9,11
61,9,11
62,9,11
63,9,11
64,9,11
65,9,11
66,9,11
67,9,11
68,9,11
69,9,11
70,9,11
71,9,11
72,9,11
73,9,11
74,9,11
75,9,11
76,9,11
77,9,11
78,9,11
79,9,11
80,9,11
81,9,12
82,9,12
83,9,12
84,9,12
85,9,12
86,9,12
87,9,11
88,9,11
89,9,10
90,9,10
91,9,10
92,9,10
93,9,10
94,8,10
95,8,10
96,8,10
97,8,10
98,8,10
99,8,10
100,8,10
101,8,10
102,8,10
103,8,9
104,7,9
105,7,9
106,7,9
107,7,9
108,7,9
109,7,9
110,7,9
111,7,9
112,7,9
113,7,10
114,7,10
115,7,10
116,7,10
117,7,10
118,7,10
119,7,10
120,7,9
121,7,9
122,7,9
123,7,9
124,7,9
125,7,9
126,7,9
127,7,9
128,7,9
129,7,9
130,7,9
131,7,9
132,7,9
133,7,9
134,7,9
135,7,9
136,7,9
137,7,9
138,7,8
139,7,8
140,7,8
141,7,8
142,7,8
143,7,9
144,7,9
145,7,9
146,7,9
147,7,9
148,8,9
149,8,9
150,8,9
151,8,9
152,8,9
153,8,8
154,8,8
155,8,8
156,8,8
157,8,8
158,8,9
159,8,9
160,8,10
161,8,10
162,8,10
163,8,10
164,8,10
165,8,10
166,8,10
167,8,10
168,8,10
169,8,10
170,8,10
171,8,10
172,8,10
173,8,10
174,8,10
175,8,10
176,8,10
177,8,10
178,8,10
179,8,10
180,8,10
181,8,10
182,8,10
183,8,10
184,8,10
185,8,9
186,8,9
187,8,9
188,8,9
189,8,9
190,8,9
191,8,9
192,8,9
193,8,9
194,8,9
195,8,9
196,8,9
197,8,9
198,8,9
199,8,9
200,8,8
201,8,8
202,8,8
203,8,8
204,8,8
205,8,8
206,8,8
207,8,8
208,8,8
209,8,8
210,8,8
211,8,8
212,8,8
213,8,8
214,8,7
215,8,7
216,8,7
217,8,7
218,9,7
219,9,7
220,9,7
221,9,7
222,9,7
223,9,7
224,9,7
225,9,7
226,9,7
227,9,7
228,9,7
229,9,7
230,9,7
231,10,7
232,10,8
233,10,8
234,10,8
235,10,8
236,10,8
237,10,9
238,10,9
239,10,9
240,10,9
241,10,9
242,10,10
243,10,10
244,10,10
245,10,10
246,10,10
247,10,10
248,10,9
249,10,9
250,10,9
251,11,9
252,11,9
253,11,9
254,11,8
255,11,8
256,12,8
257,12,8
258,12,8
259,13,8
260,13,8
261,13,8
262,13,8
263,13,8
264,13,8
265,13,8
266,13,8
267,13,8
268,13,8
269,13,8
270,13,8
271,13,8
272,13,8
273,13,8
274,13,8
275,13,8
276,13,8
277,13,8
278,13,8
279,13,8
280,13,7
281,13,7
282,13,7
283,13,7
284,13,7
285,13,7
286,13,7
287,13,7
288,13,7
289,13,7
290,13,7
291,13,7
292,13,7
293,13,7
294,14,7
295,14,7
296,14,8
297,14,8
298,14,8
299,14,8
300,14,9
301,14,9
302,14,8
303,14,8
304,14,8
305,14,8
306,14,8
307,14,8
308,14,8
309,14,8
310,14,8
311,14,8
312,14,9
313,14,9
314,14,9
315,14,9
316,14,9
317,14,9
318,14,9
319,14,9
320,14,9
321,14,9
322,14,9
323,14,9
324,14,9
325,14,9
326,14,9
327,14,9
328,14,9
329,14,9
330,14,9
331,14,9
332,14,9
333,14,9
334,14,9
335,14,9
336,14,9
337,14,9
338,14,9
339,14,9
340,14,9
341,14,8
342,14,8
343,14,8
344,14,8
345,14,8
346,14,8
347,14,7
348,14,7
349,14,7
350,14,7
351,14,7
352,14,7
353,14,7
354,14,7
355,14,7
356,14,7
357,14,7
358,14,7
359,14,7
360,14,7
361,15,7
362,15,7
363,15,7
364,15,7
365,15,7
366,15,7
367,15,7
368,15,7
369,15,7
370,15,7
371,15,7
372,15,7
373,15,7
374,15,7
375,15,7
376,15,7
377,15,7
378,16,7
379,16,7
380,16,7
381,16,7
382,16,7
383,16,7
384,16,7
385,16,7
386,16,7
387,16,7
388,16,7
389,16,7
390,16,7
391,16,7
392,16,7
393,16,7
394,16,7
395,16,7
396,16,7
397,16,7
398,16,7
399,16,7
400,17,7
401,17,7
402,17,7
403,17,7
404,17,7
405,17,7
406,17,7
407,17,7
408,18,7
409,18,7
410,18,7
411,18,7
412,18,7
413,18,8
414,18,8
415,18,8
416,18,8
417,18,8
418,18,8
419,18,8
420,18,8
421,18,8
422,18,8
423,18,8
424,18,8
425,17,8
426,18,8
427,18,8
428,18,8
429,18,8
430,18,8
431,18,8
432,18,8
433,18,8
434,18,9
435,18,9
436,18,9
437,18,9
438,18,9
439,18,9
440,18,9
441,18,9
442,18,9
443,18,9
444,18,9
445,18,9
446,18,9
447,18,9
448,18,10
449,18,10
450,18,10
451,18,10
452,18,10
453,18,10
454,18,10
455,18,10
456,18,10
457,18,10
458,18,11
459,18,11
460,18,11
461,18,11
462,18,11
463,18,11
464,18,11
465,18,11
466,18,11
467,18,11
468,18,11
469,18,11
470,18,11
471,18,11
472,18,11
473,18,11
474,18,11
475,19,11
476,19,12
477,19,12
478,19,11
479,19,11
480,19,11
481,19,11
482,19,10
483,19,10
484,19,10
485,20,10
486,20,10
487,20,10
488,20,10
489,20,10
490,20,10
491,20,10
492,20,10
493,20,10
494,20,10
495,20,10
496,20,10
497,20,10
498,20,10
499,20,10
500,21,10
501,21,10
502,21,10
503,21,10
504,21,10
505,21,11
506,21,11
507,21,11
508,21,11
509,21,11
510,21,11
511,21,11
512,21,11
513,21,11
514,21,11
515,21,11
516,21,11
517,21,11
518,21,11
519,21,11
520,21,11
521,21,11
522,21,11
523,21,11
524,21,11
525,21,11
526,21,11
527,21,11
528,21,11
529,21,11
530,21,11
531,21,11
532,21,11
533,21,11
534,21,11
535,21,11
536,21,11
537,21,11
538,21,11
539,21,10
540,21,10
541,21,10
542,21,10
543,21,10
544,21,10
545,21,10
546,21,10
547,22,10
548,22,10
549,23,10
550,23,10
551,23,10
552,24,10
553,24,10
554,24,10
555,24,10
556,24,10
557,24,10
558,24,11
559,24,11
560,24,11
561,24,11
562,25,11
563,25,11
564,25,11
565,25,11
566,24,11
567,24,11
568,24,11
569,24,10
570,24,10
571,24,10
572,24,10
573,24,10
574,24,10
575,24,10
576,24,10
577,24,10
578,24,10
579,24,10
580,24,10
581,24,10
582,24,10
583,24,10
584,24,10
585,24,10
586,24,10
587,24,10
588,24,9
589,24,9
590,24,9
591,24,9
592,24,9
593,24,9
594,24,9
595,24,10
596,24,10
597,24,10
598,24,10
599,24,10
600,24,10
601,24,10
602,24,10
603,24,10
604,24,10
605,24,11
606,24,11
607,24,11
608,24,11
609,24,11
610,24,11
611,24,11
612,24,11
613,24,11
614,24,11
615,24,11
616,24,11
617,24,11
618,24,11
619,24,11
620,24,11
621,24,11
622,24,11
623,24,11
624,24,11
625,24,11
626,24,11
627,24,11
628,24,11
629,24,11
630,24,11
631,24,10
632,24,10
633,24,10
634,24,10
635,24,10
636,24,10
637,24,10
638,24,10
639,25,10
640,25,10
641,25,10
642,25,10
643,25,10
644,25,10
645,25,10
646,25,10
647,25,10
648,25,9
649,25,9
650,25,10
651,25,10
652,25,10
653,25,10
654,25,10
655,25,10
656,25,10
657,25,10
658,25,10
659,25,10
660,25,10
661,25,10
662,25,10
663,25,10
664,25,10
665,25,10
666,25,10
667,25,11
668,26,11
669,26,11
670,26,11
671,26,11
672,26,11
673,26,11
674,26,10
675,26,10
676,26,11
677,26,11
678,26,11
679,26,11
680,26,11
681,26,11
682,26,11
683,26,11
684,26,11
685,26,11
686,26,11
687,26,11
688,26,11
689,26,11
690,26,11
691,26,11
692,26,11
693,26,11
694,26,11
695,26,10
696,26,10
697,26,10
698,26,10
699,26,10
700,27,10
701,27,10
702,27,10
703,28,10
704,28,10
705,28,10
706,28,10
707,28,10
708,28,10
709,28,10
710,28,10
711,28,10
712,28,9
713,28,9
714,28,9
715,28,9
716,28,10
717,28,10
718,28,10
719,28,10
720,28,10
721,28,10
722,28,10
723,28,9
724,28,9
725,28,9
726,28,9
727,28,9
728,28,9
729,28,9
730,28,9
731,28,9
732,28,9
733,28,9
734,28,9
735,28,9
736,28,9
737,28,9
738,28,9
739,29,9
740,29,9
741,29,9
742,29,9
743,29,9
744,29,9
745,29,9
746,29,9
747,29,9
748,29,8
749,29,8
750,29,8
751,29,8
752,29,8
753,29,7
754,29,7
755,29,7
756,29,7
757,29,7
758,29,7
759,29,7
760,29,7
761,29,7
762,29,7
763,29,7
764,29,7
765,29,7
766,29,7
767,29,7
768,29,7
769,29,7
770,29,7
771,29,7
772,29,8
773,29,8
774,29,8
775,29,8
776,30,8
777,30,8
778,30,8
779,30,8
780,30,8
781,30,9
782,31,9
783,31,9
784,31,9
785,30,9
786,30,9
787,30,9
788,30,9
789,30,9
790,30,9
791,30,9
792,30,9
793,30,9
794,30,9
795,30,9
796,31,9
797,31,9
798,31,9
799,31,9
800,31,9
801,31,9
802,31,9
803,31,9
804,31,9
805,31,9
806,31,9
807,31,9
808,31,9
809,31,9
810,30,9
811,30,9
812,30,9
813,30,9
814,30,9
815,31,9
816,31,9
817,31,9
818,31,9
819,31,9
820,31,9
821,31,9
822,31,9
823,32,9
824,32,9
825,32,9
826,32,9
827,32,9
828,32,9
829,32,10
830,32,10
831,32,11
832,32,11
833,32,11
834,32,11
835,32,11
836,32,11
837,32,11
838,32,11
839,32,11
840,32,10
841,32,10
842,32,10
843,32,10
844,32,10
845,32,10
846,32,10
847,32,10
848,32,10
849,32,10
850,32,10
851,32,10
852,32,10
853,32,10
854,32,10
855,32,10
856,32,10
857,32,10
858,32,10
859,32,10
860,32,10
861,32,10
862,32,10
863,32,10
864,32,10
865,32,10
866,32,10
867,32,10
868,32,10
869,32,10
870,32,10
871,32,10
872,32,10
873,32,10
874,32,10
875,32,10
876,32,10
877,32,10
878,32,10
879,32,10
880,32,10
881,32,10
882,32,10
883,32,10
884,31,10
885,31,10
886,31,10
887,31,10
888,31,10
889,31,10
890,30,10
891,30,10
892,30,10
893,30,10
894,30,10
895,30,10
896,30,10
897,30,10
898,30,10
899,30,10
900,30,10
901,30,10
902,30,10
903,30,10
904,30,10
905,30,10
906,31,10
907,31,10
908,31,9
909,31,9
910,31,9
911,31,9
912,31,9
913,31,9
914,31,9
915,31,9
916,31,9
917,31,9
918,31,9
919,31,9
920,31,9
921,31,9
922,31,9
923,31,9
924,31,9
925,31,9
926,31,9
927,32,9
928,32,9
929,32,8
930,32,8
931,32,8
932,32,8
933,33,8
934,33,8
935,33,8
936,33,8
937,33,8
938,33,8
939,33,8
940,33,8
941,33,8
942,33,8
943,33,8
944,33,8
945,33,8
946,32,8
947,32,8
948,32,8
949,32,8
950,32,8
951,32,8
952,32,8
953,32,8
954,33,8
955,33,8
956,33,8
957,33,8
958,32,8
959,32,8
960,32,8
961,32,8
962,32,8
963,32,8
964,32,8
965,32,8
966,32,8
967,32,8
968,32,8
969,32,8
970,32,8
971,32,9
972,32,9
973,32,9
974,32,9
975,33,9
976,33,9
977,33,9
978,33,9
979,33,9
980,33,9
981,33,9
982,33,9
983,32,9
984,32,9
985,32,9
986,32,9
987,32,9
988,32,9
989,32,9
990,32,9
991,32,9
992,32,9
993,32,9
994,32,9
995,32,9
996,32,9
997,32,9
998,32,9
999,32,9
1000,32,9
