time frame,fish count,bear count
0,10,10
1,10,10
2,10,10
3,10,10
4,10,10
5,10,10
6,10,10
7,10,10
8,10,10
9,10,10
10,10,10
11,10,10
12,10,10
13,10,10
14,10,10
15,10,10
16,10,10
17,10,10
18,10,10
19,10,10
20,10,10
21,10,10
22,10,10
23,10,10
24,10,10
25,10,10
26,10,10
27,10,10
28,10,10
29,10,10
30,10,10
31,10,10
32,10,10
33,10,10
34,10,10
35,10,10
36,10,10
37,10,10
38,10,10
39,10,10
40,10,10
41,10,10
42,10,10
43,10,10
44,10,10
45,10,10
46,10,10
47,9,10
48,9,10
49,9,10
50,9,10
51,9,10
52,9,10
53,9,10
54,9,10
55,9,10
56,9,10
57,9,10
58,9,10
59,9,10
60,9,10
61,9,10
62,9,10
63,9,10
64,9,10
65,9,10
66,9,10
67,9,10
68,9,10
69,9,10
70,9,10
71,9,10
72,9,10
73,9,10
74,9,10
75,9,10
76,9,10
77,9,10
78,9,10
79,9,10
80,9,10
81,9,10
82,9,10
83,9,10
84,9,10
85,9,10
86,9,10
87,9,10
88,9,10
89,8,10
90,8,10
91,8,10
92,8,10
93,8,10
94,8,11
95,8,11
96,8,12
97,8,12
98,8,12
99,8,12
100,8,12
